750
135
843
453
844
270 273
727
287
784
911 915
217
481 482
749 750
820
149
301
145
577 578
838 841
935
442
186
692
933
1
847 856
368 371
992
98
548 552
509
87
411
500
225
609 612
772
178
458 461
836
497
300
396
736
601 603
543 544
324 327
567
673 674
575
793 794
89
283
808 810
433
15 18
716 717
651 653
664 666
861 866
556
333
938
351
167
332
6 8
519
755
898 902
389
159
671
922
729
531
240
121
84 86
473
803
910 912
378
230
593
260
460
147 150
884 885
707
648
517 518
759 760
775
702
997
390 392
78
757
987
164
923
40 44
262 264
724
317
569
505
5
467
306 310
189
767
827
592
730
105 108
316
62
153 156
967 968
439
613
774 781
733
308
434 437
401 402
901 903
834 835
525 528
9
277
932 934
754
134 137
59 64
539
356
510 511
831
140
530
875
581 582
289 290
184
607 608
109
450
148
583 585
200 204
944
792
823
621
293
21
61 65
725
889
343 344
359 363
830
425
41
198 199
958 960
695 696
851
955
367
771
657 660
489
33
349
348
247
565
586 587
485
36 37
479
637 643
907
718
846 853
677
244 248
141
398 399
795 796
553 558
448
27 30
472
354
412
740 744
92
158 160
658
723
43
807
11
76 79
255
193
719
706
320
742
161 162
407 408
176
738
259 263
307 318
138 143
712
891 892
610
17
22
805 806
431
588
342
584
142
377
662 665
170
655
594
526
628 631
549
797 798
196
679
970
669
488
950
905
893
559
540
276
562 563
136
171 172
504
266 269
994
256 257
372 375
194
954
640
624 625
728
906
714 715
948
224 227
422 426
197
374
309
777
468
469 474
863
345 353
409 410
90
239
271 280
192
183 185
693
403 405
878
463
235
385 388
617 619
606
452 454
181
23
576
96 97
99 101
275
252 253
690
74
457
560
151 152
414 417
243 246
605
218 221
551
787
238 242
848
404
173 175
746
732
849
515
964
361
312
499
483
54 55
564 566
493
132
103
986
874
116 117
480
187
682
855
496 498
687
921
71 72
976
913
34
424 427
201
650
545 547
179
129 130
444 445
616
917
865
50
888
228
75
596
352
281
925
303
477
347
122
57 58
941 943
678
680
446
879 881
555
31 32
321 322
163 165
180 182
800 801
764
292
982 985
326
168 169
329
476 478
14
56
949 953
959
654
899
369
815
430
780
924
602
963
821
832 833
942
214 215
741
877
29
42
996 999
13
975
739
537 542
779
595 598
790
857 858
107
423
357
216
111
45
144 146
752 758
860
39
236 237
822
626
241
667
211
334
339 341
645
869
210
323
947 952
870
464 465
633 634
213
229
314
508
297 304
251
778
233
829
286
647
70
809
837 840
579 580
951
862 868
971
630 632
641
675 676
916 918
908
126 128
686 689
649
514
748
19
382 383
139
646
231 234
358
456
25
788 789
574
335 336
123 124
591
852
440
871 872
688
507
91 93
983
114 115
155 157
659 661
611
188 190
839
656
313
900
337 338
684 685
83
284
554
20 26
532
46 47
490 492
973 974
920 928
819
220
502
94 95
60
627
364
557
166
890
112
272
466 471
786
506
818 824
644
945 946
294
413 415
782 783
258
267
384 386
978
623
254
859
436
296
842
421
494 495
406
825 828
73
10 12
887
438 443
462
527 529
880
365 366
428 432
751 753
770 773
989
931
850
589 590
68 69
939
694
867
455 459
710 711
387
379
998
541
279
516
291 295
523 524
722
642
668 670
113
521 522
35
663
154
597
38
106
864
614
501 503
691
652
381
735 737
980 981
776
550
734
282
85 88
961 965
698 701
80 82
766
274
203
546
127
882 883
118 119
315
538
990 991
534 535
319
298
765 769
208
174
768
370
278
125
726 731
811
785
346
110
919 927
63
816 817
799
447 449
761
568 571
81
762 763
747
302
826
804
470 475
362
520
813 814
393
936
629
222
340
512 513
854
7
791
391
672
896
330 331
745
311
914
209
3
223 226
102 104
305
697 699
285 288
429
926
205
681 683
604
177
886
265
28
977 979
802
394 395
894 897
16
360
77
441
66 67
191 195
219
48
325
435
131 133
561
261
895
49 51
635 636
245
328
873 876
599 600
703 705
570
536
720 721
400
100
966
962
956 957
984 988
572 573
249 250
206 207
380
420
52 53
491
620 622
969
268
0 2
639
418 419
743
845
972
350 355
713
700 709
638
993 995
615 618
812
708
4
756
416
937 940
120
397
484 487
929 930
533
299
24
373 376
904 909
704
212
486
232
202
451
