750
231 234
228
335 336
400
272
496 498
805 806
982 985
741
650
908
372 375
299
83
0 2
924
91 93
859
241
525 528
163 165
193
877
649
235
112
652
132
905
350 355
538
208
920 928
63
154
33
667
679
687
826
268
786
658
148
620 622
206 207
989
94 95
845
713
75
791
485
407 408
628 631
103
501 503
540
9
756
531
735 737
281
537 542
470 475
654
621
802
553 558
342
861 866
285 288
740 744
873 876
708
214 215
816 817
7
134 137
970
759 760
792
99 101
770 773
793 794
616
393
378
559
480
497
688
504
167
140
247
812
827
555
334
879 881
110
678
723
862 868
742
975
255
541
142
581 582
120
623
851
520
460
971
838 841
139
60
444 445
823
996 999
748
430
882 883
947 952
929 930
191 195
397
669
647
66 67
589 590
22
976
36 37
276
240
916 918
629
125
144 146
663
424 427
171 172
675 676
749 750
790
17
29
466 471
265
624 625
917
906
261
210
28
324 327
345 353
320
591
343 344
325
306 310
25
243 246
815
346
967 968
357
609 612
716 717
561
659 661
403 405
380
614
939
168 169
774 781
564 566
549
145
147 150
527 529
860
727
869
24
700 709
262 264
644
382 383
597
296
131 133
447 449
196
610
863
38
706
510 511
173 175
205
275
604
435
486
546
601 603
586 587
697 699
594
297 304
904 909
473
560
951
141
267
752 758
45
867
170
98
479
523 524
174
259 263
745
686 689
500
583 585
607 608
550
239
292
229
963
252 253
398 399
258
720 721
945 946
772
220
294
188 190
691
442
186
813 814
949 953
340
839
278
507
780
811
5
348
129 130
664 666
218 221
59 64
987
291 295
293
244 248
641
433
746
907
596
373 376
719
894 897
576
50
16
109
102 104
216
330 331
757
948
312
337 338
223 226
565
844
751 753
642
932 934
732
184
545 547
406
274
472
514
3
818 824
502
803
446
543 544
360
149
118 119
593
413 415
800 801
639
68 69
313
768
483
724
369
270 273
515
954
347
489
617 619
556
356
189
467
351
725
854
418 419
820
287
651 653
284
942
181
390 392
887
738
10 12
829
857 858
300
950
842
367
895
779
316
855
710 711
637 643
577 578
925
592
429
365 366
232
911 915
463
602
994
321 322
874
579 580
668 670
977 979
626
361
233
656
730
277
155 157
775
807
959
848
414 417
428 432
519
530
978
289 290
212
194
692
972
450
238 242
123 124
401 402
755
111
370
693
919 927
572 573
425
973 974
900
795 796
914
151 152
605
834 835
680
420
712
695 696
409 410
831
23
836
71 72
476 478
122
526
158 160
203
283
754
455 459
282
286
15 18
326
765 769
354
114 115
159
657 660
105 108
34
308
884 885
864
646
865
260
439
197
385 388
821
849
508
56
368 371
986
635 636
377
766
640
311
648
35
39
339 341
477
192
788 789
922
332
921
761
138 143
875
245
926
81
202
966
251
453
878
627
992
896
457
349
323
31 32
42
74
499
714 715
505
880
638
70
962
613
819
77
726 731
127
557
21
384 386
961 965
506
822
825 828
87
937 940
933
671
533
481 482
998
871 872
421
89
936
734
673 674
166
317
782 783
315
328
469 474
729
217
57 58
54 55
980 981
889
690
100
491
391
728
611
106
809
177
830
358
767
534 535
6 8
107
76 79
468
198 199
969
396
451
254
298
645
984 988
43
303
852
935
458 461
890
362
176
41
899
359 363
958 960
787
438 443
870
379
832 833
615 618
62
536
703 705
888
910 912
901 903
73
230
494 495
90
302
655
201
517 518
997
19
222
850
554
416
319
682
778
452 454
180 182
548 552
681 683
374
931
702
722
333
456
893
13
784
569
630 632
61 65
249 250
777
718
387
135
532
448
551
662 665
179
837 840
599 600
279
394 395
309
256 257
431
567
440
11
436
539
200 204
509
236 237
747
1
211
126 128
271 280
799
891 892
694
48
588
329
944
153 156
886
381
570
771
516
20 26
606
739
964
993 995
574
434 437
423
941 943
847 856
843
209
584
493
983
484 487
301
225
164
136
462
161 162
956 957
14
85 88
707
364
913
785
411
804
633 634
113
923
80 82
684 685
404
224 227
672
764
314
46 47
575
846 853
40 44
562 563
266 269
797 798
743
898 902
121
389
990 991
352
307 318
568 571
219
187
677
595 598
698 701
704
178
521 522
441
938
305
736
490 492
183 185
422 426
96 97
464 465
27 30
512 513
49 51
776
213
488
4
78
116 117
808 810
52 53
955
762 763
84 86
412
733
92
