750
489
293
938
456
294
790
362
986
954
821
640
877
767
649
232
972
329
829
880
78
442
647
639
849
21
308
730
944
311
164
515
959
421
170
893
626
809
560
611
225
772
439
194
785
412
56
593
110
352
235
519
729
922
983
354
356
933
258
694
71 72
642
192
1
299
276
132
815
591
791
326
904 909
667
499
342
284
340
859
393
63
505
302
586 587
533
14
298
477
245
210
539
589 590
882 883
486
691
239
20 26
581 582
385 388
470 475
114 115
808 810
179
191 195
861 866
458 461
40 44
168 169
452 454
512 513
553 558
846 853
155 157
752 758
757
494 495
583 585
899
249 250
716 717
200 204
262 264
368 371
726 731
741
198 199
413 415
751 753
517 518
907
688
714 715
993 995
740 744
867
605
964
857 858
224 227
484 487
847 856
259 263
36 37
739
238 242
116 117
324 327
620 622
664 666
6 8
481 482
936
635 636
41
910 912
668 670
525 528
99 101
550
217
46 47
797 798
759 760
214 215
681 683
832 833
91 93
401 402
313
472
85 88
559
947 952
641
992
372 375
171 172
80 82
771
818 824
163 165
350 355
805 806
183 185
38
735 737
407 408
703 705
675 676
911 915
651 653
728
961 965
306 310
617 619
926
568 571
381
848
941 943
61 65
987
272
609 612
507
231 234
59 64
476 478
216
710 711
254
181
66 67
929 930
837 840
180 182
414 417
270 273
834 835
145
768
800 801
982 985
509
557
218 221
48
906
500
825 828
564 566
131 133
359 363
409 410
125
951
742
406
508
967 968
894 897
289 290
997
367
662 665
973 974
96 97
457
463
444 445
962
54 55
615 618
698 701
134 137
382 383
520
956 957
403 405
49 51
816 817
551
348
702
888
416
332
778
243 246
450
81
725
10 12
438 443
391
241
678
747
15 18
811
720 721
871 872
28
984 988
384 386
251
637 643
34
275
70
154
572 573
901 903
425
969
105 108
870
545 547
879 881
680
398 399
126 128
89
630 632
532
723
627
203
793 794
106
746
913
345 353
802
575
970
541
464 465
638
937 940
297 304
838 841
677
144 146
252 253
435
268
516
265
823
460
784
271 280
377
774 781
9
22
775
441
325
469 474
490 492
534 535
188 190
916 918
994
862 868
679
819
886
708
307 318
624 625
151 152
31 32
980 981
343 344
153 156
161 162
977 979
176
614
291 295
889
285 288
94 95
369
949 953
147 150
536
497
230
606
13
905
211
925
467
228
466 471
645
569
434 437
166
942
504
732
565
240
895
891 892
884 885
663
480
745
451
770 773
361
277
836
873 876
23
958 960
629
543 544
813 814
923
932 934
334
506
537 542
855
25
602
220
690
945 946
75
616
971
286
103
659 661
335 336
281
118 119
561
87
223 226
256 257
303
27 30
595 598
247
255
924
650
762 763
555
57 58
579 580
803
764
713
604
577 578
159
370
68 69
296
479
50
365 366
127
422 426
424 427
874
496 498
601 603
754
300
827
804
102 104
320
52 53
121
373 376
733
364
473
360
672
686 689
831
174
704
279
178
839
74
100
919 927
594
830
502
623
845
712
908
950
397
349
321 322
597
795 796
328
671
776
173 175
330 331
394 395
562 563
756
423
244 248
724
887
197
60
233
358
35
84 86
90
657 660
779
963
7
17
387
138 143
682
501 503
584
684 685
236 237
628 631
261
305
76 79
205
722
978
548 552
749 750
900
418 419
111
129 130
453
799
167
4
314
990 991
812
777
148
411
266 269
863
727
390 392
287
113
447 449
765 769
610
337 338
436
196
538
122
187
788 789
429
687
380
878
852
208
135
16
222
514
92
260
24
761
998
655
374
786
400
807
574
931
73
743
648
292
554
112
177
792
357
317
875
843
822
975
920 928
139
351
158 160
468
202
599 600
718
521 522
748
526
939
5
860
83
948
844
738
996 999
0 2
576
3
428 432
935
488
736
316
189
123 124
734
278
219
955
396
692
267
898 902
107
567
596
485
921
11
510 511
588
890
493
826
914
323
347
98
140
673 674
523 524
491
333
430
607 608
462
707
19
896
706
782 783
546
404
379
851
697 699
644
309
755
184
820
109
483
540
346
378
695 696
455 459
431
556
339 341
864
669
865
654
549
646
29
719
440
389
531
976
917
693
621
530
274
420
45
206 207
212
315
700 709
766
989
39
282
149
33
213
656
446
136
312
787
658
633 634
43
592
842
141
433
301
193
570
77
854
209
62
613
229
120
283
142
966
850
652
780
201
448
319
527 529
42
186
869
