750
354
954
886
708
381
848
83
222
514
593
110
938
112
132
652
772
692
103
294
554
517 518
751 753
413 415
198 199
385 388
286
78
716 717
200 204
262 264
390 392
832 833
91 93
401 402
313
330 331
837 840
180 182
414 417
457
96 97
973 974
662 665
481 482
936
635 636
325
118 119
532
630 632
740 744
993 995
49 51
816 817
277
243 246
450
81
231 234
59 64
805 806
350 355
123 124
129 130
99 101
525 528
847 856
259 263
36 37
857 858
224 227
484 487
808 810
114 115
470 475
80 82
171 172
372 375
595 598
247
255
382 383
270 273
723
627
66 67
256 257
761
543 544
512 513
452 454
168 169
40 44
458 461
637 643
581 582
20 26
111
899
583 585
494 495
923
932 934
984 988
311
447 449
94 95
285 288
889
291 295
223 226
343 344
153 156
797 798
46 47
675 676
703 705
306 310
617 619
260
24
125
409 410
359 363
131 133
564 566
825 828
500
647
561
70
154
862 868
921
809
710 711
572 573
901 903
557
509
982 985
800 801
73
633 634
956 957
403 405
863
266 269
735 737
407 408
297 304
937 940
163 165
10 12
421
394 395
620 622
664 666
6 8
510 511
11
793 794
942
166
434 437
5
860
335 336
659 661
752 758
155 157
846 853
553 558
217
127
720 721
811
15 18
747
85 88
472
749 750
548 552
911 915
651 653
869
977 979
161 162
438 443
391
241
345 353
913
337 338
102 104
320
882 883
28
871 872
63
505
302
698 701
134 137
861 866
71 72
754
926
568 571
497
879 881
545 547
398 399
551
951
742
533
275
87
228
466 471
743
144 146
252 253
599 600
202
980 981
197
887
126 128
718
368 371
726 731
364
61 65
987
272
609 612
507
206 207
238 242
319
373 376
469 474
490 492
370
23
567
596
485
745
451
770 773
109
820
181
22
775
906
48
947 952
339 341
38
183 185
736
68 69
296
479
50
365 366
358
35
645
983
480
464 465
831
686 689
384 386
251
958 960
961 965
706
888
702
648
444 445
962
719
440
756
423
244 248
292
219
741
611
348
439
813 814
229
576
560
216
476 478
45
597
795 796
328
393
76 79
305
400
830
502
623
397
950
908
712
431
455 459
714 715
688
92
657 660
90
84 86
467
815
254
196
436
969
27 30
303
379
679
819
759 760
352
424 427
884 885
527 529
189
307 318
624 625
151 152
31 32
844
823
265
589 590
539
406
508
574
807
722
978
489
998
997
289 290
496 498
601 603
523 524
673 674
924
650
762 763
668 670
910 912
139
550
429
147 150
536
309
644
106
746
607 608
462
707
873 876
456
279
145
768
556
534 535
929 930
838 841
677
268
516
4
880
922
729
812
116 117
324 327
765 769
610
141
994
916 918
774 781
377
271 280
986
54 55
615 618
945 946
690
486
317
357
201
577 578
159
646
766
205
374
834 835
177
367
120
638
896
19
298
579 580
57 58
970
575
802
149
546
203
21
33
477
559
531
105 108
411
501 503
584
684 685
412
236 237
628 631
261
905
463
990 991
992
356
334
506
176
614
7
963
779
213
16
3
387
138 143
682
274
944
287
211
925
728
504
521 522
748
433
605
964
849
639
473
360
791
158 160
468
396
25
602
680
616
971
526
939
562 563
369
941 943
655
894 897
843
822
430
333
976
917
874
460
654
865
669
267
898 902
919 927
594
299
422 426
972
329
347
893
626
629
77
757
186
276
785
425
362
733
515
959
488
301
935
428 432
378
52 53
121
681 683
214 215
538
122
187
788 789
904 909
667
218 221
315
212
174
704
191 195
179
194
209
777
148
245
210
836
225
967 968
98
140
308
730
649
767
867
520
284
778
332
416
700 709
975
920 928
739
380
530
931
249 250
755
184
565
732
283
326
687
859
851
173 175
818 824
483
540
842
442
239
39
441
232
900
404
734
60
9
569
178
839
948
346
193
855
537 542
738
996 999
0 2
62
588
74
100
826
493
890
850
41
220
792
787
658
780
164
845
312
803
764
955
697 699
420
895
891 892
821
519
235
827
300
89
852
208
136
725
907
663
870
713
604
113
448
389
349
281
586 587
695 696
671
776
316
34
314
829
878
555
323
549
784
875
799
167
804
42
491
107
340
642
192
1
435
418 419
258
446
29
342
656
570
17
727
613
771
591
724
693
678
230
606
13
672
786
864
782 783
541
170
592
14
790
142
933
691
75
188 190
293
641
361
949 953
278
135
966
240
694
854
499
321 322
914
877
640
233
282
989
621
43
56
453
351
