750
71 72
646
519
857 858
510 511
423
751 753
460
112
584
559
33
258
381
274
244 248
154
531
567
746
293
87
847 856
472
289 290
842
650
844
948
836
266 269
944
899
779
681 683
74
700 709
211
41
80 82
282
732
556
722
94 95
642
800 801
16
780
724
938
755
276
297 304
256 257
922
316
75
749 750
60
748
577 578
113
23
233
218 221
367
299
629
387
867
127
433
662 665
984 988
360
667
589 590
976
121
373 376
292
839
324 327
125
863
240
659 661
38
89
572 573
739
776
448
908
536
655
671
384 386
347
281
611
616
579 580
308
545 547
955
950
768
411
521 522
436
141
36 37
249 250
372 375
620 622
6 8
430
393
933
225
61 65
202
854
741
963
470 475
144 146
403 405
803
913
201
198 199
723
176
726 731
774 781
539
260
357
686 689
861 866
657 660
232
549
740 744
514
823
697 699
614
21
348
181
970
809
412
688
822
251
805 806
52 53
98
365 366
894 897
784
925
716 717
468
850
350 355
422 426
703 705
314
400
591
714 715
313
49 51
624 625
192
825 828
992
860
555
846 853
871 872
910 912
283
626
488
50
923
15 18
617 619
96 97
229
638
319
217
855
340
369
170
959
756
352
706
122
409 410
628 631
48
795 796
546
294
954
4
644
5
205
166
210
92
678
553 558
719
877
596
865
78
287
307 318
523 524
520
102 104
187
506
919 927
704
707
990 991
134 137
669
864
813 814
648
452 454
358
493
834 835
197
261
942
917
742
450
188 190
0 2
826
479
275
296
186
601 603
929 930
413 415
568 571
270 273
920 928
177
569
442
907
46 47
515
230
389
330 331
586 587
889
932 934
62
421
473
610
489
29
483
301
429
525 528
884 885
446
607 608
640
771
139
20 26
11
164
179
236 237
120
397
900
887
359 363
81
466 471
458 461
512 513
17
793 794
168 169
126 128
99 101
658
791
332
838 841
564 566
77
440
869
936
377
507
606
502
882 883
635 636
782 783
623
380
13
772
504
527 529
272
727
997
114 115
702
63
500
837 840
680
374
645
778
554
68 69
25
235
356
878
497
777
193
735 737
439
43
163 165
574
444 445
213
1
151 152
136
804
431
56
757
300
54 55
788 789
693
362
873 876
59 64
194
906
924
541
583 585
651 653
451
247
22
613
821
761
560
132
597
879 881
604
982 985
107
85 88
476 478
14
317
7
517 518
562 563
848
690
311
463
951
816 817
438 443
329
862 868
738
639
770 773
228
637 643
394 395
561
713
538
216
153 156
530
243 246
978
123 124
811
971
105 108
808 810
159
905
551
178
832 833
66 67
265
303
200 204
759 760
956 957
484 487
736
896
972
734
364
745
730
103
174
996 999
333
457
621
285 288
196
718
977 979
576
325
328
428 432
993 995
339 341
391
158 160
279
45
966
911 915
983
406
334
259 263
672
679
312
537 542
752 758
469 474
477
142
401 402
462
684 685
958 960
961 965
886
565
349
490 492
129 130
967 968
147 150
845
962
708
602
407 408
91 93
802
467
378
219
695 696
630 632
106
581 582
42
10 12
592
486
180 182
654
712
434 437
641
496 498
827
315
255
447 449
342
682
252 253
747
138 143
323
875
31 32
302
594
398 399
831
720 721
921
83
354
140
416
766
424 427
725
326
396
728
994
24
262 264
286
28
116 117
652
926
931
485
633 634
268
677
109
893
870
656
382 383
231 234
456
785
414 417
220
532
807
916 918
345 353
298
980 981
843
627
820
208
370
901 903
277
149
435
189
223 226
480
212
570
453
939
998
100
499
39
418 419
34
184
895
534 535
241
118 119
691
222
291 295
155 157
73
818 824
615 618
890
743
710 711
494 495
733
698 701
425
305
306 310
404
57 58
550
76 79
346
673 674
501 503
491
145
819
379
19
851
947 952
271 280
368 371
171 172
111
390 392
904 909
575
516
986
664 666
694
790
239
533
361
320
859
595 598
937 940
335 336
812
481 482
891 892
792
764
762 763
692
9
543 544
3
852
385 388
27 30
989
548 552
557
767
110
238 242
70
284
605
509
609 612
224 227
593
849
278
787
343 344
775
214 215
131 133
209
663
964
945 946
888
464 465
505
599 600
206 207
267
874
420
148
765 769
914
829
526
935
191 195
84 86
987
183 185
173 175
786
588
508
351
161 162
441
729
540
799
135
754
949 953
203
309
35
969
830
90
245
973 974
941 943
647
668 670
40 44
337 338
975
649
815
254
455 459
167
797 798
675 676
687
321 322
898 902
880
