750
996 999
795 796
703 705
466 471
422 426
568 571
765 769
932 934
984 988
385 388
271 280
390 392
414 417
834 835
270 273
543 544
993 995
80 82
455 459
579 580
651 653
911 915
686 689
920 928
155 157
956 957
403 405
628 631
825 828
774 781
808 810
990 991
941 943
61 65
992
641
802
867
895
970
575
809
116 117
812
626
398 399
680
939
786
129 130
950
983
986
845
924
966
650
831
672
804
821
525 528
954
10 12
479
500
906
521 522
647
646
790
842
844
442
707
771
462
694
722
430
748
400
592
377
457
345 353
973 974
96 97
890
669
870
687
727
764
905
635 636
838 841
297 304
534 535
847 856
894 897
407 408
548 552
463
614
506
520
997
998
588
238 242
792
99 101
873 876
163 165
367
362
325
467
690
27 30
759 760
352
446
508
656
406
549
767
134 137
937 940
698 701
662 665
382 383
617 619
260
380
530
245
279
569
94 95
178
40 44
328
933
142
917
976
577 578
247
123 124
373 376
910 912
668 670
947 952
350 355
734
944
671
453
855
537 542
255
349
145
768
308
673 674
140
317
743
71 72
532
597
850
149
732
746
283
541
106
196
214 215
538
436
337 338
639
100
913
409 410
320
560
476 478
216
497
601 603
523 524
206 207
729
230
239
223 226
401 402
472
819
899
861 866
458 461
447 449
313
624 625
539
565
423
756
486
20 26
285 288
111
315
212
299
741
219
296
278
514
92
491
42
244 248
70
516
823
265
261
293
154
277
301
369
378
193
272
321 322
159
170
358
35
24
127
368 371
718
307 318
254
621
553 558
846 853
607 608
217
186
334
203
228
450
659 661
335 336
438 443
281
387
138 143
151 152
359 363
125
43
110
779
48
87
233
431
287
354
738
681 683
832 833
211
724
189
412
501 503
584
56
576
0 2
62
420
324 327
274
19
298
208
645
183 185
805 806
339 341
586 587
38
604
713
11
510 511
14
81
725
168 169
45
222
869
663
105 108
958 960
23
173 175
818 824
330 331
198 199
107
485
921
606
13
9
557
648
888
702
509
969
755
444 445
184
60
342
654
865
980 981
197
181
864
820
730
231 234
59 64
546
118 119
692
267
555
775
22
21
33
34
75
63
303
311
494 495
583 585
113
396
448
5
484 487
879 881
857 858
652
201
252 253
202
121
469 474
52 53
135
800 801
73
3
291 295
176
515
164
166
434 437
136
16
1
120
638
282
860
83
28
609 612
507
456
302
559
505
192
4
49 51
314
167
799
963
7
704
174
17
439
923
936
816 817
551
611
348
77
305
25
527 529
602
326
29
243 246
642
852
878
89
827
300
141
916 918
994
210
319
258
391
908
712
830
594
678
747
972
241
347
15 18
893
504
329
50
91 93
39
84 86
428 432
695 696
90
41
605
433
333
74
275
561
533
480
464 465
896
629
887
289 290
496 498
751 753
413 415
109
78
922
880
843
811
357
235
519
397
623
103
294
332
416
370
68 69
286
664 666
6 8
739
259 263
36 37
728
925
815
440
393
859
784
874
460
381
942
232
649
531
213
404
205
374
251
882 883
384 386
761
596
567
191 195
179
570
364
346
948
229
421
225
574
209
613
389
379
194
777
148
98
46 47
323
220
540
483
112
526
240
177
667
477
312
959
66 67
256 257
627
292
907
688
554
517 518
139
593
550
772
733
719
54 55
615 618
962
489
938
451
102 104
829
886
803
757
745
742
989
951
131 133
76 79
822
640
675 676
351
435
900
441
268
144 146
813 814
677
591
964
556
132
610
276
122
187
284
564 566
499
723
411
266 269
682
679
862 868
854
708
693
863
340
706
316
57 58
889
776
536
644
309
356
429
361
778
468
158 160
978
425
655
502
418 419
839
807
926
754
658
955
780
360
877
785
616
971
931
791
473
488
126 128
736
691
787
493
851
849
826
914
766
975
836
848
875
306 310
935
700 709
200 204
898 902
714 715
633 634
490 492
262 264
752 758
545 547
987
31 32
161 162
977 979
749 750
218 221
153 156
797 798
512 513
697 699
726 731
452 454
394 395
595 598
871 872
372 375
343 344
735 737
740 744
891 892
770 773
884 885
620 622
236 237
684 685
114 115
470 475
424 427
720 721
716 717
249 250
180 182
837 840
782 783
171 172
85 88
657 660
589 590
365 366
188 190
901 903
572 573
147 150
949 953
929 930
919 927
793 794
762 763
788 789
904 909
481 482
982 985
967 968
710 711
224 227
562 563
581 582
637 643
599 600
630 632
945 946
961 965
