750
170
442
41
718
980 981
994
231 234
373 376
333
583 585
309
807
453
830
265
406
947 952
838 841
844
387
774 781
727
452 454
849
312
745
812
87
243 246
409 410
448
847 856
497
73
6 8
993 995
326
186
118 119
235
214 215
719
422 426
332
60
686 689
293
857 858
396
457
966
702
255
519
584
790
996 999
708
941 943
321 322
367
748
592
706
549
786
668 670
267
626
360
862 868
258
836
68 69
441
129 130
874
538
183 185
894 897
145
905
17
354
71 72
212
502
62
496 498
467
646
920 928
219
871 872
211
596
57 58
466 471
565
627
256 257
192
797 798
809
0 2
282
820
639
924
262 264
854
48
875
159
919 927
389
177
343 344
611
178
615 618
586 587
313
712
245
936
772
795 796
741
606
381
21
681 683
913
116 117
703 705
421
411
591
684 685
254
695 696
435
694
675 676
527 529
4
433
651 653
906
637 643
444 445
138 143
785
515
346
298
650
378
863
759 760
131 133
301
575
976
605
208
845
829
793 794
929 930
158 160
823
500
551
350 355
740 744
345 353
206 207
855
339 341
938
959
200 204
815
407 408
161 162
921
440
787
677
664 666
663
725
532
949 953
916 918
992
788 789
825 828
403 405
723
917
896
536
398 399
562 563
948
870
470 475
56
576
22
279
945 946
483
239
998
732
94 95
765 769
361
232
479
38
972
489
570
413 415
74
649
205
609 612
728
316
710 711
46 47
286
559
910 912
922
271 280
308
821
484 487
624 625
142
76 79
305
891 892
229
106
983
967 968
136
132
96 97
640
736
328
764
846 853
78
504
287
633 634
362
923
839
969
734
726 731
197
784
971
526
31 32
359 363
802
523 524
933
418 419
782 783
486
667
890
543 544
259 263
315
898 902
218 221
348
7
973 974
277
962
691
878
531
700 709
181
228
534 535
749 750
698 701
356
678
434 437
599 600
275
163 165
314
879 881
616
364
819
429
472
779
540
724
401 402
92
393
261
481 482
990 991
300
400
738
907
491
317
687
420
887
768
658
977 979
238 242
826
340
958 960
105 108
775
574
935
490 492
15 18
655
648
961 965
861 866
189
770 773
507
714 715
926
249 250
351
982 985
762 763
581 582
593
85 88
521 522
111
365 366
274
505
955
198 199
223 226
167
374
329
777
335 336
757
589 590
84 86
385 388
174
837 840
827
886
620 622
767
756
390 392
864
541
548 552
102 104
811
512 513
149
752 758
662 665
739
337 338
233
325
673 674
284
704
114 115
139
464 465
494 495
424 427
463
276
771
654
10 12
813 814
516
428 432
816 817
394 395
187
860
690
358
247
397
692
291 295
954
148
525 528
180 182
423
641
859
370
657 660
431
754
645
908
380
414 417
425
404
546
83
173 175
613
697 699
342
493
34
112
23
80 82
577 578
109
989
220
638
289 290
188 190
560
652
554
555
533
252 253
984 988
1
893
285 288
888
184
368 371
36 37
307 318
899
462
43
123 124
107
473
292
100
168 169
217
843
630 632
617 619
154
468
135
24
729
372 375
506
707
520
89
970
110
873 876
564 566
222
164
430
766
194
742
975
244 248
176
942
120
213
629
805 806
476 478
882 883
964
761
851
569
266 269
682
735 737
800 801
306 310
42
530
99 101
458 461
931
29
499
379
70
40 44
672
201
733
209
572 573
607 608
553 558
166
939
153 156
808 810
469 474
33
283
113
122
693
281
480
251
867
11
688
294
278
272
730
296
349
171 172
545 547
594
14
352
963
925
126 128
35
63
510 511
831
438 443
601 603
746
950
956 957
679
357
884 885
869
877
951
517 518
568 571
722
865
77
330 331
16
98
713
50
602
647
66 67
127
20 26
451
747
39
477
743
52 53
791
778
121
447 449
803
334
193
49 51
450
485
216
270 273
241
880
755
439
889
323
179
27 30
904 909
203
90
236 237
595 598
621
997
550
659 661
579 580
604
45
623
456
75
210
19
224 227
642
852
260
196
501 503
656
818 824
567
822
834 835
901 903
460
539
987
842
644
391
937 940
514
299
151 152
780
147 150
155 157
720 721
436
716 717
900
268
895
91 93
25
103
141
28
61 65
225
319
144 146
614
412
792
914
416
561
669
240
191 195
556
911 915
986
59 64
932 934
3
297 304
509
751 753
597
311
54 55
202
799
324 327
978
832 833
377
140
125
81
230
13
588
537 542
848
488
302
635 636
776
628 631
382 383
850
455 459
347
610
384 386
557
944
369
804
671
508
320
680
5
303
134 137
9
446
